    Alt    Ust    Orta    Frekans    Goreli Frekans
    2.85   2.95   2.90       1            0.01
    2.96   3.06   3.01       2            0.02
    3.07   3.16   3.12       11            0.09
    3.17   3.27   3.22       18            0.15
    3.28   3.38   3.33       22            0.18
    3.39   3.49   3.44       24            0.20
    3.50   3.60   3.55       15            0.13
    3.61   3.70   3.65       8            0.07
    3.71   3.81   3.76       5            0.04
    3.82   3.92   3.87       3            0.03

    Ortalama       = 3.08236
    Mod            = 3.4
    Medyan         = 3.4
    Varyans =        0.123912
    Standart Sapma = 0.352011